33.6
26.6
23.3
28.1
43.1
25.6
31.0
35.3
30.5
0.0
37.6
38.0
27.1
30.1
25.8
30.0
45.8
29.6
43.3
34.6
39.3
35.4
39.8
29.0
36.6
31.1
39.4
23.2
22.2
34.1
36.0
31.6
24.8
19.9
27.6
24.0
33.2
32.9
38.2
37.1
34.0
40.2
22.7
45.4
27.4
42.0
29.7
28.0
39.1
19.4
24.2
24.4
33.7
34.7
23.0
37.7
46.8
40.5
41.5
25.0
25.4
32.8
32.5
42.7
19.6
28.9
28.6
43.4
35.1
32.0
24.7
32.6
43.2
22.4
29.3
24.6
48.8
32.4
38.5
26.5
19.1
46.7
23.8
33.9
20.4
28.7
49.7
39.0
26.1
22.5
39.6
29.5
34.3
37.4
33.3
31.2
28.2
53.2
34.2
26.8
55.0
42.9
34.5
27.9
38.3
21.1
33.8
30.8
36.9
39.5
27.3
21.9
40.6
47.9
50.0
25.2
40.9
37.2
44.2
29.9
31.9
28.4
43.5
32.7
67.1
45.0
34.9
27.7
35.9
22.6
33.1
30.4
52.3
24.3
22.9
34.8
30.9
40.1
23.9
37.5
35.5
42.8
42.6
41.8
35.8
37.8
28.8
23.6
35.7
36.7
45.2
44.0
46.2
35.0
43.6
44.1
18.4
29.2
25.9
32.1
36.3
40.0
25.1
27.5
45.6
27.8
24.9
25.3
37.9
27.0
26.0
38.7
20.8
36.1
30.7
32.3
52.9
21.0
39.7
25.5
26.2
19.3
38.1
23.5
45.5
23.1
39.9
36.8
21.8
41.0
42.2
34.4
27.2
36.5
29.8
39.2
38.4
36.2
48.3
20.0
22.3
45.7
23.7
22.1
42.1
42.4
18.2
26.4
45.3
37.0
24.5
32.2
59.4
21.2
26.7
30.2
46.1
41.3
38.8
35.2
42.3
40.7
46.5
33.5
37.3
30.3
26.3
21.7
36.4
28.5
26.9
38.6
31.3
19.5
20.1
40.8
23.4
28.3
38.9
57.3
35.6
49.6
44.6
24.1
44.5
41.2
49.3
46.3