0
94
168
88
543
846
175
230
83
96
235
146
115
140
110
245
54
192
207
70
240
82
36
23
300
342
304
142
128
38
100
90
270
71
125
176
48
64
228
76
220
40
152
18
135
495
37
51
99
145
225
49
50
92
325
63
284
119
204
155
485
53
114
105
285
156
78
130
55
58
160
210
318
44
190
280
87
271
129
120
478
56
32
744
370
45
194
680
402
258
375
150
67
57
116
278
122
545
75
74
182
360
215
184
42
132
148
180
205
85
231
29
68
52
255
171
73
108
43
167
249
293
66
465
89
158
84
72
59
81
196
415
275
165
579
310
61
474
170
277
60
14
95
237
191
328
250
480
265
193
79
86
326
188
106
65
166
274
77
126
330
600
185
25
41
272
321
144
15
183
91
46
440
159
540
200
335
387
22
291
392
178
127
510
16
112